-0.08118807524442673, 
-0.031726621091365814, 
0.006960832513868809, 
-0.0021638316102325916, 
0.008772595785558224, 
-0.011741862632334232, 
-0.05012442171573639, 
0.058415986597537994, 
-0.007728691212832928, 
0.049395058304071426, 
-0.012216967530548573, 
0.018693840131163597, 
0.08173210173845291, 
0.036656830459833145, 
0.023814193904399872, 
-0.07014624774456024, 
-0.032094161957502365, 
0.05164219066500664, 
-0.030280407518148422, 
0.028941970318555832, 
0.0614720843732357, 
0.015449543483555317, 
-0.01908845454454422, 
-0.021827364340424538, 
-0.013945900835096836, 
0.05106336250901222, 
0.02371579222381115, 
-0.07834498584270477, 
-0.02763744257390499, 
0.008442725986242294, 
0.00571880117058754, 
0.0315859355032444, 
-0.024149639531970024, 
-0.003754085162654519, 
-0.0006137184100225568, 
0.008578880690038204, 
0.005511993542313576, 
0.029780756682157516, 
0.05304386839270592, 
-0.09388111531734467, 
0.004160117823630571, 
0.06617974489927292, 
-0.030706457793712616, 
1.4922781701898202e-05, 
0.07366567850112915, 
0.0012043107999488711, 
0.028353597968816757, 
0.015320216305553913, 
-0.008159827440977097, 
0.07593933492898941, 
0.004635934252291918, 
0.04121655598282814, 
-0.07242058962583542, 
0.017945216968655586, 
0.03733599931001663, 
0.004003484267741442, 
-0.025874463841319084, 
-0.02307218313217163, 
0.0943337008357048, 
-0.02163217030465603, 
-0.03608632832765579, 
-0.037395574152469635, 
0.011006807908415794, 
0.001830318127758801, 
-0.002275567501783371, 
-0.03520854189991951, 
-0.01859062723815441, 
0.01660269871354103, 
0.0015011102659627795, 
0.0029312775004655123, 
-0.04429498314857483, 
-0.014161563478410244, 
-0.011118829250335693, 
0.043404702097177505, 
0.0002387824497418478, 
-0.03571510687470436, 
0.0019345177570357919, 
0.00961096491664648, 
-0.007309374865144491, 
-0.019606774672865868, 
0.023095272481441498, 
0.02845720387995243, 
0.08328375965356827, 
-0.004109215456992388, 
0.017308643087744713, 
0.017452634871006012, 
-0.04061402752995491, 
0.021728675812482834, 
-0.0280262753367424, 
0.06057257950305939, 
0.036147139966487885, 
0.05984679237008095, 
0.025592071935534477, 
-0.005398742388933897, 
0.014647534117102623, 
-0.015600120648741722, 
-0.005075117573142052, 
-0.06692302227020264, 
0.097944475710392, 
0.028355270624160767, 
0.03811149671673775, 
0.00012845300079789013, 
-0.06973230838775635, 
-0.0657145157456398, 
0.023295463994145393, 
-0.020225249230861664, 
-0.03278245031833649, 
-0.040852054953575134, 
-0.029120754450559616, 
0.06511581689119339, 
-0.005882272031158209, 
-0.035309478640556335, 
0.0010316177504137158, 
0.020631616935133934, 
-0.021160630509257317, 
-0.03156225010752678, 
0.005906327161937952, 
0.03376983851194382, 
0.003524169558659196, 
-0.007428785320371389, 
-0.028829514980316162, 
0.022010749205946922, 
-0.03433380648493767, 
0.08074643462896347, 
-0.0038487808778882027, 
0.019200123846530914, 
-0.04076539725065231, 
0.0008466143044643104, 
0.002908626338467002, 
-0.03287287801504135, 
0.045666199177503586, 
-0.08760157972574234, 
-0.006718365475535393, 
0.03459528461098671, 
-0.08943978697061539, 
0.0052452078089118, 
-0.0035923465620726347, 
-0.025585344061255455, 
0.061122216284275055, 
-0.024224061518907547, 
-0.014702961780130863, 
0.022602742537856102, 
0.010453611612319946, 
-0.003181520150974393, 
-0.029493065550923347, 
0.0029919100925326347, 
-0.04420015215873718, 
-0.026416810229420662, 
-0.04824375361204147, 
-0.013055332936346531, 
0.03428181633353233, 
-0.010209022089838982, 
0.0028647566214203835, 
-0.022594360634684563, 
-0.04392771050333977, 
-0.01958814077079296, 
0.04406306892633438, 
-0.0198033656924963, 
0.01939559355378151, 
-0.04836637154221535, 
-0.020079731941223145, 
-0.01186440046876669, 
-0.001954096369445324, 
0.07387879490852356, 
-0.019238483160734177, 
0.024901483207941055, 
0.028116857632994652, 
-0.04472646862268448, 
-0.03323407471179962, 
0.0037865189369767904, 
-0.0634770318865776, 
-0.04039636254310608, 
-0.024819988757371902, 
-0.08941532671451569, 
-0.03587983176112175, 
-0.06474398076534271, 
-0.025278190150856972, 
-0.024136099964380264, 
-0.025367435067892075, 
-0.06631872802972794, 
-0.04456621780991554, 
-0.011894458904862404, 
0.0078019145876169205, 
-0.03272569552063942, 
0.005684595089405775, 
0.03369804471731186, 
-0.08722106367349625, 
0.048106368631124496, 
0.008438385091722012, 
-0.02142644301056862, 
0.02353474497795105, 
0.0247567780315876, 
-0.014114257879555225, 
0.04427720606327057, 
0.055400896817445755, 
-0.031440019607543945, 
-0.027692031115293503, 
-0.019042694941163063, 
0.014852813445031643, 
0.02104773558676243, 
-0.013125228695571423, 
-0.020387854427099228, 
-0.021963704377412796, 
0.01791711337864399, 
-0.04259251058101654, 
-0.0032302874606102705, 
-0.05012453719973564, 
-0.06460610777139664, 
-0.04441118240356445, 
-0.034172289073467255, 
-0.044367022812366486, 
-0.01782868802547455, 
-0.05369371175765991, 
-0.0536189042031765, 
0.04192531853914261, 
-0.03519679233431816, 
0.03985597565770149, 
0.004937078803777695, 
0.011899611912667751, 
-0.08124049007892609, 
0.06971044093370438, 
0.004834481980651617, 
0.027554750442504883, 
0.017310677096247673, 
-0.07150354236364365, 
0.03965497761964798, 
-0.025301627814769745, 
0.015275804325938225, 
-0.02842576801776886, 
-0.07406526058912277, 
-0.0030771063175052404, 
-0.020802028477191925, 
0.019135095179080963, 
0.04584940895438194, 
-0.0003560966288205236, 
0.025999169796705246, 
0.05124810338020325, 
0.006094858981668949, 
0.02552906982600689, 
-0.012941956520080566, 
-0.03300436586141586, 
0.020341290161013603, 
0.04427928104996681, 
-0.04171524569392204, 
-0.012503281235694885, 
0.008389468304812908, 
0.03717123717069626, 
0.031173942610621452, 
-0.0037730331532657146, 
-0.046752914786338806, 
-0.024647973477840424, 
-0.008698803372681141, 
0.015541215427219868, 
0.008937876671552658, 
-0.07826921343803406, 
-0.08049555122852325, 
0.05898810178041458, 
-0.005487359594553709, 
0.00838107243180275, 
-0.04118726775050163, 
0.04697065055370331, 
-0.004153902176767588, 
-0.07360412180423737, 
-0.0706372782588005, 
-0.024976734071969986, 
-0.012787465006113052, 
0.033394962549209595, 
0.03985188528895378, 
-0.030777975916862488, 
0.004900493659079075, 
0.004792209714651108, 
0.013166253454983234, 
-0.019253723323345184, 
0.006417375523597002, 
0.008066050708293915, 
0.047857616096735, 
0.019627505913376808, 
0.003646928584203124, 
-0.0051015461795032024, 
0.009255651384592056, 
0.003989314194768667, 
0.017893381416797638, 
0.035728927701711655, 
-0.00851535890251398, 
0.022910768166184425, 
-0.047602683305740356, 
0.01998112164437771, 
0.10651662945747375, 
0.011221605353057384, 
-0.05657216161489487, 
0.03250432386994362, 
0.0016988904681056738, 
-0.02824491634964943, 
-0.010318578220903873, 
0.010194460861384869, 
0.024781307205557823, 
-0.012552076019346714, 
0.06376089155673981, 
-0.006245901342481375, 
0.00843557994812727, 
0.018991077318787575, 
0.08926260471343994, 
0.0019418405136093497, 
0.020638132467865944, 
0.01669032871723175, 
-0.010686976835131645, 
-0.026938296854496002, 
0.02975381352007389, 
0.007215576246380806, 
0.0457763709127903, 
0.010208023712038994, 
-0.00411987816914916, 
-0.020304540172219276, 
-0.01669224351644516, 
-0.03070005774497986, 
-0.01752326264977455, 
-0.061509352177381516, 
-0.004011110868304968, 
-0.01435959991067648, 
0.008679422549903393, 
-0.022567542269825935, 
0.007566498126834631, 
0.021598780527710915, 
-0.002703825943171978, 
-0.0015544292982667685, 
0.006666150875389576, 
-0.018936175853013992, 
0.008558015339076519, 
-0.020771188661456108, 
-0.013528617098927498, 
0.008450604043900967, 
-0.04487983509898186, 
-0.0626574456691742, 
-0.047958336770534515, 
0.035395700484514236, 
0.05998048931360245, 
-0.05835724249482155, 
-0.04794377461075783, 
0.0071987877599895, 
0.11130710691213608, 
-0.00919139850884676, 
0.05527061969041824, 
0.07263530790805817, 
0.015691230073571205, 
-0.05634276941418648, 
-0.04560718312859535, 
0.006135788280516863, 
0.0046647391282022, 
0.013272655196487904, 
0.024690845981240273, 
-0.026001036167144775, 
0.04098885878920555, 
0.06654447317123413, 
0.001190051669254899, 
-0.06611879169940948, 
-0.017917580902576447, 
0.0567680299282074, 
-0.02552860602736473, 
-0.040012333542108536, 
-0.06025040149688721, 
-0.014140184968709946, 
-0.0505659356713295, 
0.006328318268060684, 
-0.000381979945814237, 
0.05450727045536041, 
0.00706213666126132, 
0.00027693292940966785, 
0.02662193402647972, 
0.016127431765198708, 
-0.00747006107121706, 
0.044293712824583054, 
0.005416710861027241, 
0.034354519098997116, 
-0.05107903108000755, 
0.04771166667342186, 
-0.03940334916114807, 
-0.039539970457553864, 
0.01950985938310623, 
0.06103650853037834, 
-0.10618256777524948, 
-0.07289189845323563, 
-0.05599857121706009, 
-0.032578445971012115, 
0.015806689858436584, 
-0.006179832853376865, 
0.05397886782884598, 
-0.019419169053435326, 
-0.01028202474117279, 
-0.032461147755384445, 
0.021576687693595886, 
-0.039529696106910706, 
0.01194335799664259, 
0.00638236990198493, 
-0.018166132271289825, 
-0.030291426926851273, 
0.06181453540921211, 
-0.020637428387999535, 
0.038533616811037064, 
-0.06171877309679985, 
-0.02329949662089348, 
-0.014165196567773819, 
0.03716524690389633, 
0.05138493329286575, 
-0.05176587402820587, 
-0.03270838037133217, 
0.010842944495379925, 
0.034682534635066986, 
0.03118089772760868, 
-0.015264458023011684, 
0.0012148413807153702, 
0.017590373754501343, 
-0.017719939351081848, 
-0.015260488726198673, 
-0.01901613362133503, 
-0.007758338935673237, 
0.012627273797988892, 
-0.053086742758750916, 
0.02482060343027115, 
0.03901620954275131, 
0.0052421665750443935, 
-0.06091799587011337, 
0.0010483070509508252, 
-0.030403735116124153, 
-0.004822808783501387, 
-0.02820841409265995, 
-0.03134145215153694, 
0.020662978291511536, 
-0.006497264839708805, 
0.04758233204483986, 
0.030136961489915848, 
0.049986787140369415, 
0.06850779801607132, 
-0.06273702532052994, 
-0.07116156071424484, 
0.02352995052933693, 
-0.000383024598704651, 
0.024692203849554062, 
-0.036806076765060425, 
-0.018646858632564545, 
0.01000119373202324, 
0.03893595561385155, 
-0.04293007776141167, 
0.0486779659986496, 
0.015686318278312683, 
-0.018103528767824173, 
0.04805056378245354, 
-0.014877702109515667, 
-0.042489320039749146, 
0.008171741850674152, 
0.012848395854234695, 
0.03139200061559677, 
-0.040910352021455765, 
0.007630533538758755, 
-0.0017006954876706004, 
-0.07228262722492218, 
0.003428391646593809, 
0.017384495586156845, 
0.05975174531340599, 
0.04687299579381943, 
-0.024270307272672653, 
-0.014283656142652035, 
-0.007965394295752048, 
0.0739343985915184, 
-0.00011443244875408709, 
0.05898783355951309, 
0.021170862019062042, 
0.026277165859937668, 
0.041445087641477585, 
-0.026044216006994247, 
0.00019081713980995119, 
-0.01260867528617382, 
0.017474396154284477, 
-0.010893169790506363, 
0.030731938779354095, 
-0.005857192911207676, 
-0.009551883675158024, 
-0.004759510047733784, 
0.015375512652099133, 
-0.036366064101457596, 
0.029124019667506218, 
-0.02095806412398815, 
-0.01672680303454399, 
0.03400227800011635, 
0.005748877767473459, 
0.008062155917286873, 
-0.023725472390651703, 
-0.022612014785408974, 
0.03811197727918625, 
-0.0381317213177681, 
0.007110356353223324, 
-0.016225764527916908, 
0.025662198662757874, 
0.05444702133536339, 
0.015383649617433548, 
-0.03669973090291023, 
0.023853849619627, 
0.032696209847927094, 
0.004528239835053682, 
-0.043798383325338364, 
0.0010648126481100917, 
0.040147874504327774, 
0.004243764095008373, 
-0.002925388514995575, 
-0.05229172855615616, 
0.008945057168602943, 
-0.03567348048090935, 
-0.035943854600191116, 
-0.041872743517160416, 
0.013668489642441273, 
0.002285900991410017, 
0.018155043944716454, 
0.017867397516965866, 
0.07053082436323166, 
-0.05362851545214653, 
-0.038402900099754333, 
0.035508789122104645, 
0.0002410048764431849, 
0.05602483078837395, 
0.0018685337854549289, 
0.015977347269654274, 
0.006885722279548645, 
-0.05255512520670891, 
0.06182397902011871, 
-0.07233145833015442, 
0.020605452358722687, 
-0.008362140506505966, 
0.04632939398288727, 
-0.0044115278869867325, 
-0.024025851860642433, 
-0.006934276781976223, 
-0.06100034713745117, 
0.02173919416964054, 
0.03697643056511879, 
0.01886715739965439, 
-0.041846323758363724, 
-0.0003494407283142209, 
0.057029131799936295, 
0.0031506353989243507, 
-0.0024211686104536057, 
-0.02745015174150467, 
0.0019101639045402408, 
-0.008377338759601116, 
0.056681808084249496, 
-0.01924489252269268, 
0.03692886233329773, 
-0.0020932897459715605, 
0.026627011597156525, 
0.06962320953607559, 
-0.01603839360177517, 
0.01606094092130661, 
-0.03567047417163849, 
0.00974500272423029, 
-0.021139563992619514, 
0.018185501918196678, 
0.022416986525058746, 
0.0073902118019759655, 
-0.027453646063804626, 
-0.05131720378994942, 
-0.05185430869460106, 
0.07898978143930435, 
0.012522988952696323, 
-0.01333191804587841, 
-0.006890476681292057, 
-0.01593349128961563, 
0.017701543867588043, 
0.03790336474776268, 
-0.012203299440443516, 
0.06615038216114044, 
-0.04561518505215645, 
-0.07133661210536957, 
-0.0011117244139313698, 
0.0053880526684224606, 
0.023956814780831337, 
0.007695430889725685, 
0.009136056527495384, 
0.061909087002277374, 
-0.02906632423400879, 
-0.023888515308499336, 
-0.024014772847294807, 
-0.05510731413960457, 
0.020203517749905586, 
-0.017299728468060493, 
0.027779104188084602, 
-0.0313415601849556, 
0.0004309551150072366, 
0.04537372663617134, 
0.04169781878590584, 
-0.07484110444784164, 
0.003923814743757248, 
-0.023678749799728394, 
-0.002331047086045146, 
0.009438220411539078, 
-0.005412927828729153, 
-0.026191215962171555, 
0.04281681403517723, 
-0.03699370101094246, 
0.015628395602107048, 
0.05250585079193115, 
-0.03339743614196777, 
0.06615208089351654, 
-0.02165696769952774, 
-0.02025604248046875, 
0.052698396146297455, 
0.008447563275694847, 
0.0032353270798921585, 
-0.04880821704864502, 
0.005049162544310093, 
0.005872807931154966, 
0.045278891921043396, 
-0.03903353959321976, 
-0.024182768538594246, 
0.04280106723308563, 
-0.006292286794632673, 
-0.057044778019189835, 
-0.08608480542898178, 
0.002670095767825842, 
-0.010203469544649124, 
0.003187153022736311, 
-0.0072722770273685455, 
0.022252485156059265, 
0.0035972839687019587, 
-0.03456138074398041, 
-0.011381971649825573, 
-0.031025493517518044, 
-0.08052203059196472, 
0.02825085259974003, 
-0.03816169127821922, 
0.043584659695625305, 
-0.06927809119224548, 
0.006722241174429655, 
-0.01949281617999077, 
0.02384130284190178, 
0.05574842542409897, 
0.005877987947314978, 
0.013167815282940865, 
0.0372549332678318, 
-0.001353747327812016, 
-0.013596126809716225, 
-0.0039041759446263313, 
-0.0769137591123581, 
-0.04584447294473648, 
-0.011377142742276192, 
0.007194048259407282, 
0.0201254952698946, 
-0.10356540232896805, 
0.0231171827763319, 
0.0005529690533876419, 
-0.05549497529864311, 
0.000744311255402863, 
-0.020621536299586296, 
-0.024873526766896248, 
0.011476450599730015, 
-0.03681870177388191, 
0.02504754066467285, 
0.05040346086025238, 
0.0036243880167603493, 
-0.0031360669527202845, 
-0.05059826374053955, 
-0.014263765886425972, 
-0.061103109270334244, 
0.009553463198244572, 
-0.044191326946020126, 
-0.015492123551666737, 
0.0251650121062994, 
9.69915563473478e-05, 
0.01986566372215748, 
0.005021176766604185, 
0.035571545362472534, 
-0.01314976904541254, 
-0.021897904574871063, 
0.026583727449178696, 
-0.017117880284786224, 
-0.03528724983334541, 
0.04171045124530792, 
-0.02713877335190773, 
0.05404147878289223, 
0.009684094227850437, 
-0.015806322917342186, 
-0.04338540509343147, 
-0.008606817573308945, 
0.01348965521901846, 
-0.056538961827754974, 
-0.010024633258581161, 
-0.0337173268198967, 
0.006335390266031027, 
0.036061882972717285, 
0.04299696162343025, 
0.003915817942470312, 
0.07793214172124863, 
-0.033167917281389236, 
0.016167445108294487, 
-0.025011977180838585, 
-0.04325642064213753, 
0.04086881875991821, 
0.024313349276781082, 
0.032688841223716736, 
0.04942096397280693, 
0.04307612404227257, 
-0.03265102952718735, 
-0.043628524988889694, 
-0.0120455427095294, 
-0.05203862860798836, 
-0.0057510496117174625, 
-0.01844731532037258, 
0.00609442638233304, 
-0.018178613856434822, 
0.026751281693577766, 
-0.02523801662027836, 
0.006561169400811195, 
-0.04166610538959503, 
-0.037636879831552505, 
0.01110314391553402, 
-0.005908145569264889, 
-0.0087684765458107, 
0.05023029446601868, 
-0.017068974673748016, 
0.01999177783727646, 
-0.03204464539885521, 
0.04040755331516266, 
0.05517252907156944, 
-0.027402013540267944, 
0.004767259117215872, 
-0.021555859595537186, 
0.04117230325937271, 
0.06188572943210602, 
0.035916779190301895, 
-0.013920409604907036, 
0.020549466833472252, 
-0.050580352544784546, 
0.010093544609844685, 
0.07758699357509613, 
-0.056015025824308395, 
-0.0006359890103340149, 
0.023230357095599174, 
-0.01246113795787096, 
0.04653136804699898, 
-0.009894764050841331, 
0.011512837372720242, 
-0.001678027561865747, 
0.008476531133055687, 
-0.015228120610117912, 
-0.03181884065270424, 
-0.007053449284285307, 
-0.0339236781001091, 
-0.027197135612368584, 
-0.008051963523030281, 
0.034756846725940704, 
-0.010462895967066288, 
-0.03591356426477432, 
-0.07749594748020172, 
-0.024471348151564598, 
-0.0021210601553320885, 
0.039677202701568604, 
-0.008597176522016525, 
0.06330723315477371, 
-0.06646162271499634, 
-0.028967808932065964, 
0.0041462150402367115, 
0.006262408569455147, 
-0.021631065756082535, 
-0.020658308640122414, 
0.03609023988246918, 
-0.05475657060742378, 
-0.05098788067698479, 
-0.02309318073093891, 
0.04444192722439766, 
0.008506819605827332, 
-0.011614799499511719, 
